0000000001100607273000107000000000000SGN - Solucoes                                                                                                                                        000000000000000002909201016122010201220100859
0000000012290920101627100607273000107000000000000SGN - Solucoes                                                                                                                                        Av. Dr Carlos Rodriguez da Cruz                                                                     
0000000025290920101651I014378121359Edson Brasil                                        
0000000033290920101651014378121359
0000000043290920101653014378121359
0000000053290920101654014378121359
0000000063290920101655014378121359
0000000075290920101659I012121212126Alexandre Magno Silva Gama                          
0000000083290920101700012121212126
0000000093290920101703012121212126
0000000103300920100846012121212126
0000000113300920101507012121212126
0000000123300920101715012121212126
0000000133011020100956012121212126
0000000143011020101559012121212126
0000000153011020101636014378121359
0000000163011020101711012121212126
0000000173041020101317012121212126
0000000183041020101435012121212126
0000000193041020101737012121212126
0000000203051020101033012121212126
0000000213051020101339012121212126
0000000223051020101658014378121359
0000000233061020100903012121212126
0000000243061020101138012121212126
0000000253061020101206014378121359
0000000263061020101623012121212126
0000000273071020101413012121212126
0000000283071020101503014378121359
0000000293071020101503012121212126
0000000305071020101522I121212121216Rodrigo                                             
0000000315071020101522A012121212126Alexandre Magno Silva Gam                           
0000000323071020101526121212121216
0000000333071020101527014378121359
0000000343071020101527012121212126
0000000353071020101530012121212126
0000000363071020101533121212121216
0000000373071020101538121212121216
0000000383071020101542121212121216
0000000393071020101716012121212126
0000000403081020100810012121212126
0000000413081020101058121212121216
0000000423081020101350012121212126
0000000433081020101358012121212126
0000000443081020101405012121212126
0000000453081020101417012121212126
0000000463081020101417012121212126
0000000473081020101418012121212126
0000000483081020101430012121212126
0000000493081020101430121212121216
0000000503081020101432012121212126
0000000515081020101437I017033259504Aloisio de Menezes Vilas Boas                       
0000000523081020101437017033259504
0000000533081020101439017033259504
0000000543081020101443017033259504
0000000553081020101449012121212126
0000000563081020101449012121212126
0000000573081020101449017033259504
0000000583081020101455014378121359
0000000593081020101456014378121359
0000000603081020101456014378121359
0000000613081020101457014378121359
0000000623081020101500014378121359
0000000633081020101501012121212126
0000000643081020101501014378121359
0000000653081020101503017033259504
0000000663081020101503012121212126
0000000673081020101525012121212126
0000000685081020101530A012121212126Alexandre Magno Silva Gama                          
0000000693081020101530017033259504
0000000703081020101531012121212126
0000000713081020101826012121212126
0000000723111020101134017033259504
0000000733111020101547012121212126
0000000743131020100826012121212126
0000000753131020101505017033259504
0000000765141020101009I128355900802Aecio Franca Mota                                   
0000000773141020101009128355900802
0000000783141020101011128355900802
0000000793141020101028017033259504
0000000805141020101529I012871550761Edivan dos Santos Franca                            
0000000815141020101548I012760324763Audari Santos                                       
0000000823141020101550012760324763
0000000833141020101551012760324763
0000000843141020101552012760324763
0000000853141020101552012760324763
0000000863141020101552012760324763
0000000873141020101557012871550761
0000000883141020101737017033259504
0000000893151020100825017033259504
0000000903151020100833012121212126
0000000913151020100837012121212126
0000000923151020100916012871550761
0000000933151020101715017033259504
0000000943181020101018121212121216
0000000953181020101033121212121216
0000000963181020101033121212121216
0000000973181020101034012121212126
0000000983181020101034017033259504
0000000993181020101056121212121216
0000001003181020101110014378121359
0000001013181020101110017033259504
0000001023181020101114121212121216
0000001035181020101118E017033259504Aloisio de Menezes Vilas Boas                       
0000001043181020101118121212121216
0000001055181020101120I017033259504Aloísio dos santos                                  
0000001063181020101121017033259504
0000001075181020101122A017033259504Aloisio dos santos                                  
0000001083181020101123121212121216
0000001093181020101124017033259504
0000001104181020101130181020101122
0000001113181020101126121212121216
0000001123181020101130121212121216
0000001133181020101130014378121359
0000001143181020101135121212121216
0000001153181020101136014378121359
0000001163181020101202017033259504
0000001173181020101317121212121216
0000001183181020101328121212121216
0000001193181020101328014378121359
0000001203181020101328017033259504
0000001213181020101343121212121216
0000001223181020101418121212121216
0000001233181020101418012121212126
0000001243181020101420012121212126
0000001253181020101420017033259504
0000001263181020101423012121212126
0000001273181020101432121212121216
0000001283191020100811012871550761
0000001293191020100829017033259504
0000001303191020101004121212121216
0000001313191020101418012121212126
0000001323191020101426017033259504
0000001333191020101524014378121359
0000001343191020101531014378121359
0000001353201020101010121212121216
0000001363201020101017121212121216
0000001373201020101143121212121216
0000001383201020101340121212121216
0000001393201020101416121212121216
0000001403211020100853121212121216
0000001413211020100920121212121216
0000001423211020100924121212121216
0000001433211020101058121212121216
0000001443211020101137121212121216
0000001453211020101137014378121359
0000001463211020101137017033259504
0000001474211020101146211020101144
0000001483221020100908012121212126
0000001493221020101112017033259504
0000001503221020101702017033259504
0000001513251020101134121212121216
0000001523271020100959121212121216
0000001533271020101057121212121216
0000001543281020101039121212121216
0000001553281020101039014378121359
0000001563281020101040017033259504
0000001573291020100931121212121216
0000001585291020101005E121212121216Rodrigo                                             
0000001595291020101005I021212121216Rodrigo                                             
0000001605291020101005I028355900802Aecio Franca Mota                                   
0000001615291020101005I044444444444joao maria                                          
0000001625291020101005I055555555555bonitao                                             
0000001635291020101005A017033259504Aloisio dos santos Silva                            
0000001643291020101006021212121216
0000001653291020101158017033259504
0000001663291020101158021212121216
0000001673251120101556014378121359
0000001683251120101556014378121359
0000001693251120101622014378121359
0000001703251120101631014378121359
0000001713251120101640012121212126
0000001723251120101706014378121359
0000001733251120101706014378121359
0000001743251120101706014378121359
0000001753251120101706014378121359
0000001763251120101747014378121359
0000001773151220101546014378121359
0000001783161220101614014378121359
0000001793161220101621014378121359
9999999990000000010000001580000000020000000189